wiki
  https://en.wikipedia.org/w/api.php?action=opensearch&format=json&search=road


street view
  https://maps.googleapis.com/maps/api/streetview?size=600x400&fov=120&location=%2211249%22&heading=235&pitch=10&key=

  https://maps.googleapis.com/maps/api/streetview?
  size=600x400
  &location=40.720032,-73.988354
  &fov=120
  &key=

directions

  https://maps.googleapis.com/maps/api/directions/json?origin=
  &destination=
  &key=

places
  https://maps.googleapis.com/maps/api/place/textsearch/json?query=restaurants&location=39.967627,-98.042574&key=

  https://maps.googleapis.com/maps/api/place/textsearch/json?
  query=restaurants+in+Sydney
  &key=

  details
    https://maps.googleapis.com/maps/api/place/details/json?placeid=ChIJxRcF5PIVmIcRj4H0ZqLuGWo&key=

    https://maps.googleapis.com/maps/api/place/details/json?
    placeid=
    &key=

  photos
    https://maps.googleapis.com/maps/api/place/photo?maxwidth=400&photoreference=CoQBcwAAAPsEtOMiSFC-BBJs1bTTLQ1NnvETXxoHCiYX6FM71bTZi4YFFDiQQOgKaDFULOEy-vZcbRl0CS0jvks6bkUbW-qzzs41o9S_QYQucblEUqj7zhdF7v-XWQx-xIRVYN8MmeuUVgHm4sp1SQRqsip1nBX5FfXuLnIcTKeO2-FnAfseEhBzU-0lpomdW3SGCqMJYakwGhTiUV-UkwAMg-qLheqroYYI0yYjew&key=

    https://maps.googleapis.com/maps/api/place/photo?maxwidth=400
    &photoreference=
    &key=


time
  https://maps.googleapis.com/maps/api/timezone/json?location=39.967627,-98.042574&timestamp=1476080617&key=

  https://maps.googleapis.com/maps/api/timezone/json?
  location=
  &timestamp=
  &key=



directions
https://maps.googleapis.com/maps/api/directions/json?origin=39.967627,-98.042574&destination=39.667627,-98.042574&key=

streetview
https://maps.googleapis.com/maps/api/streetview?size=600x400&fov=120&location=40.02081435058513,-98.06740391110627&key=

place
https://maps.googleapis.com/maps/api/place/textsearch/json?query=restaurant&location=39.967627,-98.042574&key=

place details
https://maps.googleapis.com/maps/api/place/details/json?placeid=ChIJ7YHZOR8-mIcRx-LM-9-6nZo&key=

timezone
https://maps.googleapis.com/maps/api/timezone/json?location=39.967627,-98.042574&timestamp=1476080617&key=

static map
https://maps.googleapis.com/maps/api/staticmap?size=640x240&scale=2&markers=39.8982387,-98.03860519999999|40.1408402,-97.72281910000001|39.8707453,-97.966889|40.18556109999999,-97.68920779999999|39.7843695,-97.8950807|40.2494333,-97.57586099999999|40.0082369,-97.9292753|39.7813737,-97.8952137|39.972352,-97.95547499999999|39.9394684,-98.042614|40.1663933,-97.5855974|40.166378,-97.59044999999999|40.1663933,-97.58587519999999|40.1662199,-97.5769383|40.30175,-97.67352699999999|40.1693168,-97.5766433|40.1647636,-97.5765251|40.1759406,-97.5758218|40.284308346068485,-97.7229934673889|40.32004674878716,-97.61978795422449|40.35739146719966,-97.71846444806944|40.33929799944907,-97.6129859897748|40.3364986,-97.5756121|40.334824906548484,-97.71574203654122|40.27680877714977,-97.70698455766704|40.36160552251758,-97.72740241331071|40.28087189489277,-97.69158503690524|40.35708981381729,-97.73170941259828|40.27506854167581,-97.76078127084415|40.3128941,-97.811833|40.24346042329538,-97.62784156582526|40.24242540858313,-97.63031694514886|40.285002201388124,-97.63625562020461|40.36891794839781,-97.65097177479299|40.25698809579387,-97.59834140701707|40.28035635706409,-97.64345619321358|40.37663198544504,-97.59393563488194|39.8982387,-98.03860519999999|40.1408402,-97.72281910000001|39.8707453,-97.966889|40.18556109999999,-97.68920779999999|39.7843695,-97.8950807|40.2494333,-97.57586099999999|40.0082369,-97.9292753|39.7813737,-97.8952137|39.972352,-97.95547499999999|39.9394684,-98.042614|40.1663933,-97.5855974|40.166378,-97.59044999999999|40.1663933,-97.58587519999999|40.1662199,-97.5769383|40.30175,-97.67352699999999|40.1693168,-97.5766433|40.1647636,-97.5765251|40.1759406,-97.5758218|40.284308346068485,-97.7229934673889|40.32004674878716,-97.61978795422449|40.35739146719966,-97.71846444806944|40.33929799944907,-97.6129859897748|40.3364986,-97.5756121|40.334824906548484,-97.71574203654122|40.27680877714977,-97.70698455766704|40.36160552251758,-97.72740241331071|40.28087189489277,-97.69158503690524|40.35708981381729,-97.73170941259828|40.27506854167581,-97.76078127084415|40.3128941,-97.811833|40.24346042329538,-97.62784156582526|40.24242540858313,-97.63031694514886|40.285002201388124,-97.63625562020461|40.36891794839781,-97.65097177479299|40.25698809579387,-97.59834140701707|40.28035635706409,-97.64345619321358|40.37663198544504,-97.59393563488194|39.8982387,-98.03860519999999|40.1408402,-97.72281910000001|39.8707453,-97.966889|40.18556109999999,-97.68920779999999|39.7843695,-97.8950807|40.2494333,-97.57586099999999|40.0082369,-97.9292753|39.7813737,-97.8952137|39.972352,-97.95547499999999|39.9394684,-98.042614|40.1663933,-97.5855974|40.166378,-97.59044999999999|40.1663933,-97.58587519999999|40.1662199,-97.5769383|40.30175,-97.67352699999999|40.1693168,-97.5766433|40.1647636,-97.5765251|40.1759406,-97.5758218|40.284308346068485,-97.7229934673889|40.32004674878716,-97.61978795422449|40.35739146719966,-97.71846444806944|40.33929799944907,-97.6129859897748|40.3364986,-97.5756121|40.334824906548484,-97.71574203654122|40.27680877714977,-97.70698455766704|40.36160552251758,-97.72740241331071|40.28087189489277,-97.69158503690524|40.35708981381729,-97.73170941259828|40.27506854167581,-97.76078127084415|40.3128941,-97.811833|40.24346042329538,-97.62784156582526|40.24242540858313,-97.63031694514886|40.285002201388124,-97.63625562020461|40.36891794839781,-97.65097177479299|40.25698809579387,-97.59834140701707|40.28035635706409,-97.64345619321358|40.37663198544504,-97.59393563488194|40.3364986,-97.5756121&path=39.8982387,-98.03860519999999|40.1408402,-97.72281910000001|39.8707453,-97.966889|40.18556109999999,-97.68920779999999|39.7843695,-97.8950807|40.2494333,-97.57586099999999|40.0082369,-97.9292753|39.7813737,-97.8952137|39.972352,-97.95547499999999|39.9394684,-98.042614|40.1663933,-97.5855974|40.166378,-97.59044999999999|40.1663933,-97.58587519999999|40.1662199,-97.5769383|40.30175,-97.67352699999999|40.1693168,-97.5766433|40.1647636,-97.5765251|40.1759406,-97.5758218|40.284308346068485,-97.7229934673889|40.32004674878716,-97.61978795422449|40.35739146719966,-97.71846444806944|40.33929799944907,-97.6129859897748|40.3364986,-97.5756121|40.334824906548484,-97.71574203654122|40.27680877714977,-97.70698455766704|40.36160552251758,-97.72740241331071|40.28087189489277,-97.69158503690524|40.35708981381729,-97.73170941259828|40.27506854167581,-97.76078127084415|40.3128941,-97.811833|40.24346042329538,-97.62784156582526|40.24242540858313,-97.63031694514886|40.285002201388124,-97.63625562020461|40.36891794839781,-97.65097177479299|40.25698809579387,-97.59834140701707|40.28035635706409,-97.64345619321358|40.37663198544504,-97.59393563488194|39.8982387,-98.03860519999999|40.1408402,-97.72281910000001|39.8707453,-97.966889|40.18556109999999,-97.68920779999999|39.7843695,-97.8950807|40.2494333,-97.57586099999999|40.0082369,-97.9292753|39.7813737,-97.8952137|39.972352,-97.95547499999999|39.9394684,-98.042614|40.1663933,-97.5855974|40.166378,-97.59044999999999|40.1663933,-97.58587519999999|40.1662199,-97.5769383|40.30175,-97.67352699999999|40.1693168,-97.5766433|40.1647636,-97.5765251|40.1759406,-97.5758218|40.284308346068485,-97.7229934673889|40.32004674878716,-97.61978795422449|40.35739146719966,-97.71846444806944|40.33929799944907,-97.6129859897748|40.3364986,-97.5756121|40.334824906548484,-97.71574203654122|40.27680877714977,-97.70698455766704|40.36160552251758,-97.72740241331071|40.28087189489277,-97.69158503690524|40.35708981381729,-97.73170941259828|40.27506854167581,-97.76078127084415|40.3128941,-97.811833|40.24346042329538,-97.62784156582526|40.24242540858313,-97.63031694514886|40.285002201388124,-97.63625562020461|40.36891794839781,-97.65097177479299|40.25698809579387,-97.59834140701707|40.28035635706409,-97.64345619321358|40.37663198544504,-97.59393563488194|39.8982387,-98.03860519999999|40.1408402,-97.72281910000001|39.8707453,-97.966889|40.18556109999999,-97.68920779999999|39.7843695,-97.8950807|40.2494333,-97.57586099999999|40.0082369,-97.9292753|39.7813737,-97.8952137|39.972352,-97.95547499999999|39.9394684,-98.042614|40.1663933,-97.5855974|40.166378,-97.59044999999999|40.1663933,-97.58587519999999|40.1662199,-97.5769383|40.30175,-97.67352699999999|40.1693168,-97.5766433|40.1647636,-97.5765251|40.1759406,-97.5758218|40.284308346068485,-97.7229934673889|40.32004674878716,-97.61978795422449|40.35739146719966,-97.71846444806944|40.33929799944907,-97.6129859897748|40.3364986,-97.5756121|40.334824906548484,-97.71574203654122|40.27680877714977,-97.70698455766704|40.36160552251758,-97.72740241331071|40.28087189489277,-97.69158503690524|40.35708981381729,-97.73170941259828|40.27506854167581,-97.76078127084415|40.3128941,-97.811833|40.24346042329538,-97.62784156582526|40.24242540858313,-97.63031694514886|40.285002201388124,-97.63625562020461|40.36891794839781,-97.65097177479299|40.25698809579387,-97.59834140701707|40.28035635706409,-97.64345619321358|40.37663198544504,-97.59393563488194|40.3364986,-97.5756121&key=